7684.8	0.383634009	0	0.141915425
234.5	0.695988216	0	0.085618746
9152	3.69E-01	0.01	1.84E-01
5905.5	5.85E-01	0.01	9.29E-02
11416.5	3.05E-01	0.01	2.94E-01
8661.3	0.593974045	0.01	0.088356797
174.9	6.89E-01	0.02	1.05E-01
549	9.15E-01	0.02	3.68E-02
1456.5	4.85E-01	0.02	1.53E-01
3561.1	9.03E-01	0.02	4.18E-02
9469.2	0.461567901	0.02	0.154853063
7999.5	0.370292491	0.02	0.180235911
4603.8	0.604172326	0.03	0.073868149
408.5	0.587184719	0.03	0.084055657
3463.4	0.525089593	0.03	0.095879029
2251.2	0.505156124	0.04	0.154282309
6790.3	4.16E-01	0.05	2.11E-01
5731.4	0.36920369	0.05	0.148854047
3564.2	0.772206518	0.06	0.051453929
4056.6	0.517551701	0.06	0.079606912
4107.3	0.704273069	0.07	0.082198746
858.7	6.89E-01	0.08	9.31E-02
7109.9	0.750684298	0.08	0.058660474
1863.3	0.430879125	0.09	0.136133558
2549	4.69E-01	0.1	9.73E-02
2166.6	0.410333622	0.1	0.146238019
5933.3	0.47889494	0.1	0.106714987
132.3	0.730539748	0.1	0.090354294
3248.1	0.955065654	0.1	0.020206825
1379.5	9.30E-01	0.11	1.51E-02
446.7	0.691050272	0.11	0.067308367
1528.3	4.47E-01	0.12	1.66E-01
2443.1	0.813238133	0.12	0.050669406
362	0.710319076	0.13	0.07636231
931.9	0.552796792	0.13	0.079071057
4172.1	0.44275049	0.13	0.181114572
3040	4.38E-01	0.14	1.81E-01
3380.6	4.61E-01	0.14	1.26E-01
234.7	0.657822329	0.14	0.114516703
4680	8.92E-01	0.15	5.45E-02
672.9	5.73E-01	0.15	1.22E-01
2093.1	5.67E-01	0.16	8.70E-02
1461.6	5.36E-01	0.16	1.40E-01
3171.6	4.72E-01	0.16	1.09E-01
593.2	9.08E-01	0.17	3.06E-02
6106.6	4.45E-01	0.17	1.72E-01
4816.8	0.356976131	0.17	0.179017086
1321	0.462088965	0.17	0.140875016
841.2	9.10E-01	0.18	2.08E-02
3253.9	0.541507425	0.18	0.135344934
9560.4	3.84E-01	0.19	1.31E-01
1377.9	0.558363099	0.19	0.122001493
692.7	0.537553391	0.19	0.138230177
1274.2	7.97E-01	0.2	5.10E-02
4688.3	4.11E-01	0.2	1.85E-01
10226.4	0.482360045	0.2	0.112015292
6217.5	0.391922875	0.2	0.163705568
1276.2	0.88853525	0.2	0.035203807
4930.3	0.580492939	0.21	0.071925593
1553.5	0.929236261	0.21	0.026167825
474.2	0.8704147	0.21	0.043306881
2832.9	8.83E-01	0.22	5.55E-02
7963.3	4.28E-01	0.22	1.20E-01
6995.3	0.939489982	0.22	0.037769772
3548.8	9.25E-01	0.23	3.37E-02
4493.9	4.35E-01	0.23	1.10E-01
6400.5	9.22E-01	0.23	1.01E-02
1500.1	0.567210442	0.23	0.117212395
784.2	0.546146313	0.24	0.085797475
2797.9	0.676018198	0.24	0.06291985
3512.2	0.400414363	0.24	0.157382618
4470	4.16E-01	0.25	1.77E-01
1864	0.934706444	0.25	0.018022165
809.6	6.04E-01	0.26	9.76E-02
692.1	0.843623438	0.26	0.021411836
3190.2	9.00E-01	0.27	3.20E-02
585.5	5.81E-01	0.27	1.23E-01
3435.7	9.00E-01	0.28	3.15E-02
9672.9	9.32E-01	0.28	3.68E-02
8815.5	0.40432654	0.28	0.157350942
4482.8	0.405936559	0.29	0.133704624
1665.1	0.889505021	0.29	0.030169129
4664.5	0.638119449	0.29	0.08474827
11206.8	0.324049126	0.29	0.282086385
467.4	5.84E-01	0.3	1.30E-01
9093.3	3.15E-01	0.3	2.15E-01
2214.5	9.18E-01	0.3	1.27E-02
184.4	0.715973236	0.31	0.064235571
8748.6	3.08E-01	0.32	2.19E-01
7498.9	6.56E-01	0.32	7.50E-02
2013.4	0.500730138	0.32	0.132887843
320.5	0.828839364	0.32	0.01021411
2247	0.61571747	0.33	0.068917162
4660.7	0.430574636	0.33	0.136387965
4129	5.10E-01	0.34	8.56E-02
4611.9	6.85E-01	0.34	9.15E-02
2885.9	0.798145865	0.34	0.045195653
1899.1	0.789589738	0.34	0.051436964
2029.6	0.479554141	0.35	0.092280868
133.8	0.832691161	0.35	0.049472163
4775.2	0.345559277	0.35	0.171951911
2799.7	0.928677538	0.36	0.024422954
761.7	0.878162561	0.36	0.010937034
1126.3	4.74E-01	0.37	1.39E-01
10065.5	0.479054469	0.37	0.116703839
5050.7	0.442163151	0.37	0.135895515
3101.9	3.83E-01	0.38	1.86E-01
1334.1	6.58E-01	0.38	6.63E-02
1050.4	7.12E-01	0.39	5.05E-02
11160.5	3.20E-01	0.39	2.97E-01
4455	9.13E-01	0.4	2.13E-02
343.7	7.72E-01	0.4	2.75E-02
196.7	0.642196094	0.4	0.118495269
140.2	7.20E-01	0.41	2.43E-02
1680.2	0.601757899	0.41	0.13103661
2054.6	0.608901412	0.41	0.107350501
1643.5	0.513416189	0.41	0.12048335
8064.1	4.99E-01	0.42	9.85E-02
468	6.56E-01	0.42	6.03E-02
2950.7	8.12E-01	0.42	5.46E-02
4293.4	0.46567526	0.42	0.153204006
2100.7	4.56E-01	0.43	1.50E-01
11206.4	9.22E-01	0.43	2.21E-02
9554.6	3.81E-01	0.43	2.18E-01
4612.7	0.932373942	0.43	0.016560628
4613.1	3.94E-01	0.44	1.45E-01
116.6	7.83E-01	0.44	3.91E-02
3310.7	0.7556165	0.44	0.068672048
75.8	0.673571729	0.45	0.091545033
3340.2	6.42E-01	0.46	6.46E-02
3502.2	7.35E-01	0.46	6.36E-02
2682.4	0.715725299	0.46	0.070563991
1006.4	0.788044944	0.46	0.045876321
189.3	5.82E-01	0.47	6.96E-02
8901.2	4.05E-01	0.47	1.21E-01
2971.6	0.898248892	0.48	0.018078066
210.1	0.739261332	0.48	0.047200729
4345	0.35898803	0.5	0.196989817
1068.6	5.78E-01	0.51	1.59E-01
1776.8	5.58E-01	0.51	1.29E-01
4584.6	0.457794325	0.51	0.175396258
83.3	6.35E-01	0.52	5.95E-02
2651.8	0.621720693	0.52	0.077825695
3082.7	0.395049505	0.52	0.199589547
2636.2	5.67E-01	0.53	1.08E-01
1055.7	0.463244195	0.53	0.134007645
4101.9	5.85E-01	0.54	7.97E-02
1366.8	0.436737574	0.54	0.141271612
2206.5	8.00E-01	0.55	4.60E-02
829.9	5.02E-01	0.55	1.47E-01
4689.5	0.454070941	0.55	0.109429989
296.5	0.859004575	0.56	0.05726822
338.5	6.25E-01	0.58	8.69E-02
1545.2	6.90E-01	0.58	5.31E-02
153.2	0.704369997	0.58	0.097533204
7802.5	3.85E-01	0.59	1.49E-01
1897.4	4.26E-01	0.6	1.25E-01
4801.6	8.97E-01	0.6	1.16E-02
4206	3.91E-01	0.6	1.84E-01
407.7	0.762402121	0.6	0.019883765
1841.9	0.438732186	0.6	0.165476036
2713.3	0.565536617	0.6	0.081940775
3490.4	0.375356657	0.61	0.195529221
2112.5	0.442985802	0.61	0.173438139
3158.4	5.00E-01	0.62	1.11E-01
4750.2	8.51E-01	0.62	3.17E-02
3929.1	0.40331525	0.62	0.145725844
1758.9	8.11E-01	0.63	4.23E-02
3119.6	8.30E-01	0.63	4.21E-02
1738.6	0.676237798	0.63	0.077324377
143.3	0.830353412	0.63	0.036280021
7241.2	4.58E-01	0.64	1.71E-01
1680.5	0.563581948	0.64	0.079400777
4417.2	3.58E-01	0.65	1.61E-01
1743.6	5.25E-01	0.65	1.30E-01
7737.8	9.18E-01	0.65	4.14E-02
964.3	0.587378451	0.65	0.072958345
3987.2	0.40393105	0.65	0.128259363
4333.6	0.453143768	0.65	0.116773853
3968.6	5.68E-01	0.66	9.52E-02
4782.2	0.452222893	0.66	0.171335725
2510.8	0.423774475	0.66	0.129386037
4086.2	0.604315927	0.67	0.072172589
269.3	0.607131092	0.67	0.066781349
834.5	0.867072421	0.67	0.029753193
240.3	5.86E-01	0.68	5.26E-02
6446.9	5.06E-01	0.68	8.70E-02
3995.1	5.28E-01	0.68	8.22E-02
4166	3.52E-01	0.69	1.82E-01
602.2	5.54E-01	0.7	1.22E-01
880.5	0.464977782	0.7	0.122395691
252.8	0.685405249	0.7	0.113202174
2433.9	4.83E-01	0.71	1.41E-01
3774.7	5.18E-01	0.71	7.68E-02
1412.6	5.06E-01	0.71	1.46E-01
3410.4	0.551346641	0.71	0.168490225
1184.7	6.06E-01	0.72	8.66E-02
722	0.78811835	0.72	0.020979908
467.3	0.699104536	0.73	0.085684246
4692	0.895079046	0.73	0.05263812
644.5	6.44E-01	0.74	4.75E-02
1362.6	5.79E-01	0.74	6.93E-02
168.3	5.09E-01	0.75	6.28E-02
5025.3	3.61E-01	0.75	1.93E-01
316.3	0.54271007	0.75	0.025154637
378.3	0.576360977	0.75	0.117064934
1126.3	0.55606659	0.75	0.076506052
2959.8	7.80E-01	0.76	4.80E-02
179	5.23E-01	0.76	8.73E-02
303	0.574538797	0.76	0.101523583
1819.5	0.641701824	0.77	0.093619115
3520.8	3.93E-01	0.78	1.35E-01
1221.3	5.24E-01	0.78	1.56E-01
798.2	0.599838421	0.78	0.118369602
2399.3	5.69E-01	0.79	7.41E-02
4139.4	4.65E-01	0.79	1.02E-01
9912	0.505630175	0.79	0.15469358
1566.9	0.825442077	0.79	0.013956807
7923.3	0.4592642	0.8	0.099033262
2553.1	0.560031676	0.8	0.077133973
458.4	0.627141177	0.8	0.085979075
364.3	0.749180559	0.8	0.051373212
10245.7	5.58E-01	0.81	8.86E-02
10789.8	0.330190518	0.81	0.18333199
4563	0.478415209	0.81	0.114448836
551	5.31E-01	0.82	1.14E-01
3338.2	0.549838767	0.82	0.078557027
3150.7	6.82E-01	0.83	7.20E-02
129.7	0.83861783	0.83	0.046760082
600.6	5.65E-01	0.84	5.67E-02
1089.7	0.761871303	0.84	0.035039214
4428	0.86835372	0.85	0.04024171
4190.4	4.78E-01	0.86	1.84E-01
1278.3	0.670044362	0.86	0.057857012
3812	0.590992992	0.86	0.072347447
1396.7	7.82E-01	0.87	2.66E-02
84	0.606759556	0.87	0.101310789
9303.4	0.404921905	0.87	0.203978622
3585	7.12E-01	0.88	5.45E-02
8447.4	4.85E-01	0.88	8.89E-02
9896.9	0.915232486	0.88	0.02868524
9133.9	0.361648542	0.89	0.150542571
5022.9	0.475858663	0.89	0.091777409
987.4	0.678465037	0.89	0.057198174
3727.7	4.61E-01	0.9	1.91E-01
3809.6	4.67E-01	0.9	1.95E-01
2351.9	6.86E-01	0.9	6.17E-02
2306.6	0.775610534	0.9	0.021029065
2350.4	0.891679846	0.9	0.011765834
637.6	6.98E-01	0.91	7.81E-02
1592.4	8.13E-01	0.91	1.64E-02
2966.1	8.12E-01	0.92	3.33E-02
7227.7	3.77E-01	0.92	1.75E-01
9259.8	0.344109806	0.92	0.185818851
793	5.57E-01	0.93	1.11E-01
3637.2	8.99E-01	0.93	1.79E-02
1507.4	0.690626506	0.93	0.064083069
109.7	0.664018481	0.93	0.034796742
1253.3	0.464203533	0.94	0.1129276
1835.3	0.510040789	0.94	0.08471529
2214.7	8.74E-01	0.95	1.92E-02
856.4	0.508133782	0.95	0.103686014
10652.8	0.792122515	0.95	0.078045635
5711.5	7.23E-01	0.96	6.67E-02
272.7	0.617415188	0.96	0.081860508
1684.2	0.864947234	0.96	0.042336458
224.1	0.502417452	0.97	0.05724828
2483.6	0.731420432	0.97	0.052696754
4664.2	0.865323833	0.98	0.026363641
256.8	5.38E-01	0.99	1.05E-01
2141.9	7.27E-01	1	4.33E-02
197.5	5.06E-01	1	8.50E-02
8382.9	0.423398618	1	0.170887471
132.8	0.704527427	1	0.090520185
